3,2
3,1
3,3
10,11
10,229
10,313
10,301
10,257
10,5
10,4
10,272
10,2
10,3
11,14
11,24
11,5
11,13
11,6
11,7
11,18
11,2
11,3
9,7
9,2
9,3
8,4
8,13
8,11
8,14
8,10
8,16
8,2
8,3
12,2
12,1
12,3
35,7
35,6
35,5
35,4
35,3
35,2
35,1
35,0
34,5
34,4
34,3
34,2
20,2
34,1
20,1
34,0
33,88
33,87
33,86
33,85
33,84
33,83
33,82
33,81
33,80
33,79
33,78
33,77
33,76
33,75
33,74
33,73
33,72
33,71
33,70
33,69
33,68
20,3
33,67
33,66
33,65
19,2
19,1
33,64
33,36
33,35
33,34
33,33
33,32
33,31
33,30
33,29
33,28
33,27
33,26
33,25
33,24
33,23
33,22
33,21
33,20
33,19
33,18
33,17
33,16
33,15
19,3
33,14
33,13
33,12
33,11
33,10
33,9
33,8
33,7
33,6
33,5
33,4
33,3
33,2
33,1
33,0
32,3
32,1
31,5
31,3
31,1
